1111110111 111. {xz-2* 353
0001111111οω 31 viribus 1111011111,111“οι 1110,
2 dsscamentxaugmdam{uadenmuaevincon.
ἴ 0111111111100101110100811301010010001110.
1031018110010101 dicandum Si 0101110
&ns 11111111· 111 111 1111101011 1110111 ae 0011110110,
110101011011101010118011011 1110101111
100000111100001101111 11011 0081061010.
0100011010,0010100111011101 1310101000
3101010011111110,1101111110 ·” 1001111.
10100001000100110111 ²* =
00010010010,11801111,1 1 1
1100101011οε111101’1ον1”0111010011 ouantia,
1001000110,101800110 0001011110001081110.
808010 11118 1001111οε10.
011100110008
nem 1111011110 . 1
10101110 01101001.(1010110,1111’1 1110101 011
(10001101000111111, 0011111011 1001100110.
31111111110111111111 0110111101105111001101
011001110111101111 11,0 0111100011 1110111 0111001100
101’0011011101111110011.

3101110111 0011100001 3 1101111100
ρο1111101101011101110,1001’1101 0118011110 111101,
010110130110001111110100001110110110,11111100
1000100110001100 0001 0 00 10 1111110101 10111,
0101111111 100811 1011111111,301111001101
ph 11011111 1010110010 1010001300 potam
Ρ100010110000111,01111111110101111110110111110·
101101180οἀ00 quanquam& 0110110110.

 

